filename: 15.txt
min_cost: 5506.88
best_path: 20 17 5 22 11 19 8 10 21 12 13 3 16 7 9 20 
time: 0.0081651s
search node: 5422

filename: 20.txt
min_cost: 6987.51
best_path: 20 9 7 16 3 13 2 15 12 14 21 10 1 8 18 19 11 22 5 17 20 
time: 0.0539328s
search node: 28368

filename: 22.txt
min_cost: 7690.8
best_path: 20 9 7 16 3 13 2 15 12 14 21 10 1 4 6 18 8 19 11 22 5 17 20 
time: 0.0225743s
search node: 12594

filename: 30.txt
min_cost: 11426.6
best_path: 20 15 25 26 27 21 28 23 19 9 3 5 6 7 30 13 1 2 14 10 17 4 29 24 11 18 16 8 22 12 20 
time: 31.8229s
search node: 11135403

